           0.    
           0.    
           0.    
           0.    
           0.    
 -1035.340294    
 -19041.12744    
  4306.112238    
 -30205.58228    
  41533.73028    
 -546.6152490    
 -9506.002391    
  2237.215734    
 -15228.45639    
  20453.68449    
 -1054.319469    
 -8499.257654    
  3837.043445    
  33980.55720    
 -7761.867948    
 -1170.785353    
 -8887.184949    
  4265.679002    
 -6106.694456    
  2653.061769    
 -1788.086226    
 -11564.17668    
  7291.938596    
 -15543.91438    
 -32071.31554    
 -779.3392626    
 -32746.54341    
  6004.235763    
  5966.735179    
  9174.021916    
  1698.635135    
  19566.14776    
 -5918.326066    
 -1821.610571    
 -3188.337739    
  176.6932945    
 -6638.170696    
  4280.015086    
  389.6698080    
  887.6286850    
  3148.183908    
  3599.391359    
  980.7502289    
 -21.74170518    
  127.5655223    
  6254.196671    
 -2386.314848    
 -4057.861070    
 -16.81658724    
 -216.4139974    
  2478.674252    
  1209.846264    
  5922.630295    
  7.033170544    
  97.71946530    
 -2711.696967    
 -408.0433544    
 -3177.573562    
 -1.548487607    
 -26.41705085    
 -1822.484830    
  87.89234258    
  507.0666132    
 0.2249035314    
  4.725278645    
  3180.746106    
 -9.218895112    
  330.9399830    
-0.2123780234E-01
-0.5198722176    
-0.1196535072    
 0.7900564616E-01
 0.1051433708    
 0.4855125877E-01
 0.6153614083E-01
   Q=    0.0938
