           0.    
           0.    
           0.    
           0.    
           0.    
 -932.5379008    
  1687.854879    
  928.0484479    
  2044.493740    
 -3131.196405    
 -4029.967093    
 -3113.781590    
  5803.433982    
  3491.313276    
 -64.94642303    
  1104.374977    
 -974.9986165    
 -903.5218828    
  6630.650789    
 -851.1588278    
  3852.320261    
 -2271.458417    
 -4318.320557    
  1387.600728    
  4275.535661    
  3157.721167    
 -1806.281992    
 -3360.695160    
  617.0093913    
  2241.594698    
  43.28081870    
 -3434.009440    
  1260.223210    
  352.1218913    
 -1955.946766    
  1231.661652    
 -2759.871499    
 -382.3254070    
 -555.4112023    
 -2623.210024    
  467.1455431    
 -466.8878517    
 -435.6675177    
  95.62242530    
  284.2102454    
 -1950.315771    
  2576.014521    
  695.0952818    
  28.33918165    
  926.3882280    
 -570.6648413    
 -2072.408938    
 -2145.624612    
 -18.35167592    
 -672.8803527    
 -749.4055562    
  722.0969576    
  226.2136780    
  4.523179151    
  219.5046613    
  1691.984399    
 -78.19723630    
  979.5288436    
-0.6267012592    
 -34.66611751    
 -1237.632490    
 -41.26640579    
 -819.7505876    
 0.3709737656E-01
 -1.343441717    
  562.6521210    
  25.73706309    
  380.0171718    
 0.4956993846E-02
  2.395797440    
-0.9819136695E-01
 0.8164669390E-01
 0.9590489566E-01
 0.4920865643E-01
 0.7089769123E-01
   Q=    0.1108
