           0.    
           0.    
           0.    
           0.    
           0.    
 -1275.648990    
 -16634.06866    
  5457.084923    
 -44566.29953    
  39953.33906    
 -382.6256178    
 -5412.946644    
  1665.083584    
 -23637.92660    
  15485.72390    
 -1221.847867    
 -11933.79394    
  4854.403342    
  26511.25653    
  13365.17784    
 -890.9856459    
 -5139.316012    
  3235.687519    
 -4196.229995    
 -3541.229228    
 -2041.693204    
 -16810.58151    
  8407.726119    
 -3140.169790    
 -22855.40133    
 -1145.104310    
 -20395.21396    
  5995.349028    
  1122.172198    
  9353.779118    
 -389.8368869    
  14793.43124    
  60.63135053    
 -253.7280804    
 -3105.088874    
 -1616.715476    
 -3789.710913    
  8934.764172    
  40.11458783    
  807.1039008    
  2151.727150    
  3524.180699    
  1446.685231    
 -2.311318447    
 -7.193271953    
  7032.966745    
 -3204.893454    
 -9345.213243    
-0.6165550082    
 -80.43086687    
  2844.492232    
  1753.063746    
  10152.83298    
 0.2049177237    
  34.52739845    
 -1404.606742    
 -597.7522241    
 -4818.801646    
-0.3286595756E-01
 -8.340759608    
 -4100.460991    
  127.0571096    
  800.7150942    
 0.3455058546E-02
  1.325885625    
  4913.065521    
 -12.28173058    
  369.7121028    
-0.2398171364E-03
-0.1317127542    
-0.1189225949    
 0.8021135089E-01
 0.1042692594    
 0.3527838589E-01
 0.5507730871E-01
   Q=    0.0795
