           0.    
           0.    
           0.    
           0.    
           0.    
  3756.093256    
 -4635.142096    
  1979.391861    
  2266.916067    
 -2899.035622    
 -4246.522389    
  5428.713032    
 -2956.981230    
 -4796.011338    
  5179.651742    
  8592.615258    
 -10355.00526    
  3004.717657    
 -7470.282026    
  791.3326517    
 -9598.482229    
  11176.94867    
 -735.5418407    
  2830.452813    
 -6622.809340    
  902.1370448    
 -676.0796821    
  1200.411423    
 -5989.671363    
 -11251.20486    
  499.1976667    
  416.8553631    
 -3190.578409    
  89.25759967    
 -496.7378854    
  166.1082826    
 -1057.165205    
  4709.051329    
  768.9340365    
  3674.798002    
 -2650.339850    
  3730.556600    
  11227.34700    
 -21.35099478    
  629.8509760    
  9257.962434    
  1103.380137    
 -13387.60881    
 -103.1094049    
 -1444.007275    
  2438.343344    
  6628.777118    
  9178.773828    
  46.68221869    
  786.1464851    
  233.4319721    
 -1787.785763    
 -3377.783281    
 -10.92071600    
 -233.5516877    
 -4241.829329    
 -2927.122153    
  530.1582795    
  1.556760991    
  40.64940999    
  3730.517702    
  2940.747482    
  110.6329197    
-0.1155552762    
 -2.695074540    
 -1864.628869    
 -1499.559814    
 -99.01627592    
-0.5230514058E-02
-0.7336180231    
-0.1011139088    
 0.9985287476E-01
 0.8542176011E-01
 0.4916933442E-01
 0.6462942234E-01
   Q=    0.1321
