 -9129.863693    
  9641.853031    
  3747.603145    
  3037.108159    
 -6638.170746    
 -5494.853909    
  8824.575167    
  1724.062495    
  10244.73317    
 -10467.67027    
 -4806.552752    
  7595.605693    
  1630.259761    
  18024.50570    
 -10776.80359    
  6338.919743    
 -7339.044323    
 -2515.715146    
 -5019.240162    
  6344.584531    
 -3549.395103    
  3706.458035    
  1468.225176    
 -2182.240459    
 -2382.199685    
  4166.398630    
 -5403.930543    
 -1637.177714    
  2416.777528    
  6653.826247    
 -4042.440909    
  5553.918871    
  1327.355786    
 -737.6335425    
 -3469.342970    
  4424.410454    
 -3209.326658    
 -2290.696676    
  91.24816922    
 -174.7841954    
 -4663.062520    
  2131.127447    
  1151.404990    
  10.74380109    
  1303.366532    
 -272.3142702    
 -3294.939688    
 -3005.117046    
 -8.111389242    
 -1062.616558    
 -1783.962876    
  1650.492974    
 -5006.649181    
  2.006544201    
  439.0314168    
 -1137.968098    
 -1085.661072    
 -755.7385646    
-0.3450012548    
 -143.9553017    
  2423.810861    
  661.8671906    
  4684.680422    
 0.4695092355E-01
  40.52429986    
 -1575.621891    
 -280.8616573    
 -3570.856175    
-0.5135707926E-02
 -9.341890612    
  632.3829557    
  85.27455898    
  1595.531822    
 0.4409555230E-03
  1.698645476    
-0.1018427152    
 0.8925050613E-01
 0.1080180596    
 0.3878781213E-01
 0.6827678942E-01
   Q=    0.0897
