  1007.772729    
  5888.099069    
 -3973.767508    
  1956.082474    
 -4544.191741    
  1497.560875    
  12793.54815    
 -7000.144307    
  10375.63086    
 -13758.38190    
  2040.430518    
  20724.27070    
 -10177.61292    
  33633.23739    
 -27853.52345    
  879.8366650    
  11755.54062    
 -5005.020217    
  36842.11984    
 -19740.51455    
  1052.862248    
  10185.95498    
 -5391.129821    
 -29855.92571    
 -7588.764721    
 -50.47223937    
  10322.53311    
 -2309.880310    
 -2485.822262    
 -21795.94233    
 -2299.144186    
 -21662.58363    
  10855.33649    
  5318.922966    
  30622.10372    
  734.3952846    
  15304.21767    
 -5627.390706    
 -1808.514559    
 -16316.03841    
 -2439.048656    
 -12019.74265    
  10785.60416    
  254.5303220    
  1705.709709    
  2453.184802    
  12800.84334    
 -4914.221808    
  13.41491883    
  2640.498918    
  2787.236046    
 -6820.734791    
  4369.534647    
 -12.71855819    
 -1581.882978    
  4506.548208    
  1932.751530    
 -2858.809415    
  2.736241932    
  464.8436734    
 -2269.821481    
  160.0499888    
  3023.269179    
-0.3246745441    
 -67.41897360    
 -639.3539647    
 -411.8486264    
 -2241.210983    
 0.1646797120E-01
 -3.884378163    
  761.7182150    
  203.3498859    
  1043.233799    
 0.1833910158E-02
  4.828327164    
-0.1054748550    
 0.8332762730E-01
 0.9563917472E-01
 0.3958834221E-01
 0.6476937287E-01
   Q=    0.0876
