  1716.388462    
 -1684.983754    
 -571.2313512    
 -45.25119113    
  587.4683054    
 -1536.516702    
  3867.941847    
  107.6784144    
  3214.908029    
 -4099.043790    
  9137.335392    
 -7199.661285    
 -3098.187340    
  11909.19805    
 -1881.391726    
  17462.34944    
 -23871.46896    
 -4318.293456    
  12561.55608    
  12499.50846    
 -4706.290470    
  2656.942759    
  1829.925668    
  11900.00216    
  1263.827007    
 -8857.775306    
  11110.31538    
  2382.655071    
 -7197.139711    
 -5069.763504    
  1581.103360    
 -5681.329529    
  11.73426364    
  2058.567033    
  8424.277903    
 -3159.757436    
  2726.272273    
  873.2829999    
 -205.2281571    
  45.20059060    
  2860.729502    
 -4152.754244    
 -1160.827668    
 -46.71639990    
 -3754.845249    
 -2532.276413    
  2652.671017    
 -1201.360077    
  21.24961153    
  2322.490281    
  809.4823185    
 -800.4137425    
 -3003.011743    
 -4.009092902    
 -711.5586378    
 -1667.872981    
 -523.4373089    
  447.2563516    
 0.3979628681    
  51.07400162    
  1712.366494    
  629.7124105    
  1711.714899    
-0.1499878222E-02
  52.52266623    
 -927.9710232    
 -314.0201069    
 -1371.352108    
-0.6821670905E-02
 -27.55680667    
  321.3032345    
  100.4890838    
  532.4541281    
 0.1361956076E-02
  7.881648893    
-0.9861122058E-01
 0.8886723990E-01
 0.1066397651    
 0.4053325320E-01
 0.7340035571E-01
   Q=    0.0948
