  3149.982502    
 -5881.471562    
 -1005.921983    
 -1849.714655    
  5169.812303    
  4816.546627    
 -11985.51060    
 -1302.758075    
 -9642.185257    
  13668.44085    
  4195.675652    
 -12383.60105    
 -1032.105313    
 -20591.78288    
  16793.67508    
  1030.180443    
 -3394.349858    
 -151.5885288    
  11764.25935    
  2779.443012    
 -1780.093772    
 -1556.318632    
  873.6338910    
  5353.561077    
  6996.131315    
 -5194.923109    
  13337.99281    
  1272.945805    
 -4523.358077    
 -13147.71665    
  3207.003284    
 -5436.918522    
 -1275.552185    
  1425.692287    
  11371.21629    
  1443.665735    
  7890.484102    
 -1257.387925    
 -193.3170072    
 -1096.501173    
  8990.011804    
 -4189.111794    
 -2719.813678    
 -3.753942373    
 -1711.300073    
 -3599.158236    
  4734.844247    
  2729.438618    
  9.425977652    
  1822.415727    
 -809.9365239    
 -3382.471114    
  1725.556570    
 -2.618128183    
 -929.1039863    
  1701.080718    
  1490.273431    
 -579.7112608    
 0.4417419756    
  302.6573553    
 -755.9755058    
 -417.3293251    
 -123.3866386    
-0.5183242629E-01
 -66.80196739    
  44.45557788    
  63.35665508    
 -157.1634002    
 0.4169951244E-02
  9.278708330    
  111.9199093    
  3.172074729    
  264.4968832    
-0.1744176532E-03
-0.3402525020    
-0.1031306538    
 0.8573209679E-01
 0.1126062280    
 0.3810932879E-01
 0.7022217216E-01
   Q=    0.0872
