 -6844.723862    
  5426.891083    
  3653.847969    
  1542.870615    
 -3629.681704    
 -4377.872568    
  3667.910862    
  2298.376834    
  1512.973594    
 -2799.229979    
 -11719.62599    
  7689.376500    
  6519.024962    
 -3466.935063    
 -1601.662855    
 -12369.87070    
  9006.150846    
  6626.385742    
 -7887.535681    
 -1888.790286    
 -4213.531125    
 -419.2622393    
  2801.956900    
 -6363.998852    
  8185.623077    
 -4397.074014    
 -2387.781358    
  2870.388849    
  10927.02776    
  18452.10519    
 -3209.427908    
  7298.937187    
  235.7335859    
 -1193.412242    
  1769.165152    
  14783.67551    
 -4863.046503    
 -9066.955435    
 -1236.348690    
 -10586.01126    
 -10032.60063    
  9562.597530    
  4311.024281    
  720.7743941    
  8242.326284    
  5404.977314    
 -4079.104412    
 -3512.916509    
 -190.3882130    
 -3005.702253    
 -4957.385310    
 -1376.148804    
  2307.672919    
  27.26955240    
  481.4295180    
  2968.117786    
  2042.987987    
 -2501.642397    
 -1.052073432    
  55.16455543    
 -624.1601136    
 -998.4836286    
  2915.957575    
-0.4848664503    
 -54.23899172    
 -409.7450544    
  280.9372885    
 -2395.181796    
 0.1399277923    
  16.73252235    
  456.4290243    
 -39.27870263    
  1413.327013    
-0.2213203960E-01
 -3.256976958    
-0.1045726782    
 0.9164398599E-01
 0.1090811978    
 0.4929334097E-01
 0.7059253890E-01
   Q=    0.0846
