           0.    
           0.    
           0.    
           0.    
           0.    
 -13783.44671    
  9436.537277    
  11954.50740    
  8574.185406    
 -13887.96148    
  20251.62627    
  223.4185485    
 -18821.27226    
  12801.70542    
 -7967.052160    
  19519.12475    
 -4415.200082    
 -17733.48937    
  6941.946147    
  1180.684120    
 -5284.295469    
  7977.130903    
  4229.409860    
  5099.938243    
 -13617.29398    
  7397.565801    
  6028.456646    
 -7229.457645    
 -9778.586776    
 -14861.94084    
 -1272.927462    
  1211.387402    
  1276.859015    
 -1778.313739    
 -5354.394491    
 -6817.274613    
 -4267.716007    
  6611.480108    
  3039.039229    
  14623.41517    
  6667.434161    
 -3193.023802    
 -5406.321705    
 -1257.910459    
 -10318.85727    
 -3841.704236    
 -2094.667622    
  4156.382573    
  253.1418933    
  2580.543648    
  2848.227648    
  5123.629199    
 -2285.516804    
 -16.23382865    
  370.3352639    
 -1680.252112    
 -3527.387542    
  1200.767220    
 -5.592823234    
 -505.2690332    
 -756.2850263    
  1411.024991    
 -2214.309718    
  2.093724489    
  198.8499888    
  1822.282014    
 -372.3057903    
  2527.865683    
-0.3969072342    
 -48.89640678    
 -1414.127983    
  61.99821648    
 -1733.600215    
 0.5141101420E-01
  8.244291367    
-0.1040991681    
 0.8302302776E-01
 0.1048893768    
 0.4795465931E-01
 0.6940868945E-01
   Q=    0.0903
