  377.7535971    
 -3255.571500    
 -94.42445595    
 -2326.009022    
  5000.477118    
  98.76658052    
 -321.6878644    
 -27.28269894    
  527.8218150    
  22.26341612    
  944.0954899    
 -5201.722239    
 -232.2265331    
  8252.878279    
  2966.816450    
  672.3506920    
 -12722.80630    
 -60.29323661    
  8360.836372    
  18609.65566    
 -893.5678295    
 -2360.672368    
  298.5172900    
  9274.505912    
  9607.477142    
 -2061.692000    
  12581.79260    
  517.9009559    
 -5354.505657    
 -9363.234437    
 -2296.376656    
  6079.439744    
  594.4062201    
  1814.112355    
  8589.916580    
 -3723.750525    
  510.1189800    
  784.1973528    
 -190.5854668    
 -988.3436141    
 -6495.544636    
 -5081.876411    
  238.2190999    
 -56.01715003    
 -1355.627283    
 -906.7968273    
  2716.893844    
 -3603.555249    
  22.89435642    
  682.9092914    
  8111.006171    
 -630.7576940    
 -6539.622893    
 -3.805494863    
 -150.2237000    
 -9972.146255    
 -4.477313930    
  303.1266070    
 0.2792652529    
  9.380281047    
  6376.181875    
  54.40028634    
  2266.929448    
 0.1965972222E-01
  4.588073500    
 -2533.191466    
 -21.19057483    
  428.4015864    
-0.8790210902E-02
 -1.827528071    
  629.7657971    
  4.972777519    
 -2082.866740    
 0.1405981186E-02
 0.3849594418    
-0.1071564790    
 0.7227279547E-01
 0.1233168996    
 0.4132417435E-01
 0.6047942965E-01
   Q=    0.1157
