           0.    
           0.    
           0.    
           0.    
           0.    
 -160.5346318    
 -5405.836237    
  2176.225259    
 -15306.46149    
  14086.26259    
  2054.980104    
  10761.22876    
 -8688.621863    
 -7075.372738    
 -3913.115650    
  1072.471941    
  10194.25852    
 -6074.895647    
 -351.0399978    
 -12452.34540    
  337.9263571    
  4210.746945    
 -2236.824494    
 -6784.725503    
 -5559.931347    
 -122.3033383    
 -99.68787985    
 -86.45423979    
  3206.265844    
  8013.281241    
 -451.8515118    
  8170.767364    
 -2208.624252    
  394.8105037    
  3024.089465    
 -4289.504144    
 -7915.835569    
  13434.59805    
 -568.8148415    
 -4403.387263    
 -1048.969071    
  11791.50685    
 -786.8201020    
  218.0944511    
  2445.320683    
 -353.3373418    
 -5346.666841    
 -788.0084114    
 -44.06165935    
 -691.8949199    
 -1618.950332    
 -145.6534115    
 -3565.785956    
  4.491220450    
  86.05910564    
 -2404.442503    
  936.4748611    
  2680.044311    
 0.3547843381E-01
  7.333647575    
  4787.518187    
 -408.7727924    
 -686.7160060    
-0.9420965270E-01
 -5.600462014    
 -3791.618296    
  89.08115933    
 -112.2127859    
 0.1803612648E-01
  1.315611938    
  1980.813912    
 -4.812157260    
  174.0079503    
-0.2097142534E-02
-0.1919935469    
-0.1083953570    
 0.8528017517E-01
 0.9723320957E-01
 0.4221285305E-01
 0.5830108718E-01
   Q=    0.0966
