 -747.3405783    
 -4123.025295    
  2350.789854    
 -1520.747603    
  3780.326776    
 -915.1420786    
 -8046.593981    
  3425.218525    
 -7073.004867    
  9960.266748    
 -665.6546382    
 -7726.502029    
  2731.378612    
 -14080.98792    
  12001.07544    
  162.3554481    
  1482.339875    
 -542.1660762    
  9170.448901    
 -3284.131035    
  237.2089101    
  340.5840893    
 -645.5251500    
  592.5781019    
  1033.235920    
  53.44901901    
  4390.063357    
 -1031.270732    
 -2547.677914    
 -5775.802281    
 -953.1304780    
 -1634.260632    
  2005.799311    
  1082.247132    
  5579.810538    
 -1580.672039    
  4464.988850    
  2670.401508    
 -182.4325605    
 -774.3994929    
 -1747.657450    
 -918.6411901    
  5396.625143    
  5.218899888    
 -328.9424825    
  1583.940095    
  1947.795616    
 -2314.955599    
  9.417297454    
  676.9760929    
  961.0389758    
 -2008.446788    
 -1213.711830    
 -3.563270557    
 -428.9587528    
 -744.3860538    
  1054.393446    
  1675.842357    
 0.7515489713    
  157.7204148    
  675.5273859    
 -334.6558119    
 -684.1046656    
-0.1077550550    
 -38.30993570    
 -750.5230367    
  61.41947982    
  30.87356713    
 0.1077200034E-01
  6.121671808    
  542.4310536    
 -1.580812072    
  105.6981982    
-0.6597319616E-03
-0.4785960429    
-0.1125546762    
 0.8601082946E-01
 0.1030046711    
 0.4181406127E-01
 0.6880751127E-01
   Q=    0.0562
