 -4174.249290    
  5891.414468    
  1233.386211    
  2690.798139    
 -5290.091891    
 -2791.382165    
  5180.922970    
  673.1626127    
  5790.963933    
 -7063.717085    
 -5314.138089    
  7648.455351    
  1552.394458    
  4016.478610    
 -7182.434316    
 -4081.658384    
  6618.398636    
  1025.399384    
 -7210.550941    
 -4454.574198    
 -686.8918125    
  2374.104703    
  2.925346772    
 -5327.385168    
 -3200.105813    
  2938.101913    
 -5424.773649    
 -899.8348234    
  5318.875620    
  11095.93108    
 -1119.419559    
  6776.820191    
 -551.4329015    
 -1518.168169    
 -4415.156376    
  7195.165929    
 -4044.928926    
 -3146.968207    
  91.26409115    
 -721.5517893    
 -3704.214566    
  6116.637135    
 -501.4272331    
  90.09838260    
  1946.569798    
 -1275.668463    
 -4880.059751    
 -2674.778292    
 -37.26165787    
 -1071.065965    
 -1457.023612    
  1484.561637    
 -4037.699752    
  7.650383355    
  306.6802765    
  438.0405147    
 -316.3708883    
 -378.7039795    
 -1.055747962    
 -59.51261238    
  713.5100161    
  114.6889283    
  4109.182555    
 0.1062234479    
  8.961144330    
 -681.6470109    
 -55.53486777    
 -3499.809100    
-0.7426226205E-02
 -1.131034205    
  333.2626864    
  21.37245578    
  1762.511873    
 0.2129725616E-03
 0.1261987603    
-0.1011903824    
 0.8731514653E-01
 0.1106323079    
 0.4426842668E-01
 0.6570691743E-01
   Q=    0.0946
