  4112.619480    
 -3191.522090    
 -2000.985561    
 -734.2928434    
  1687.833700    
 -2169.583355    
  3001.305403    
  755.1572971    
  3908.209658    
 -3780.589303    
  12472.46371    
 -7663.033547    
 -6376.878401    
  14073.62974    
 -2106.952615    
  15287.55684    
 -15150.49641    
 -6577.177415    
  1818.028834    
  11029.78470    
 -530.0748718    
  340.0648518    
  269.3543338    
  7145.670976    
 -547.3290584    
 -5022.877387    
  6697.580247    
  1923.128252    
 -4399.712887    
 -10176.72215    
  4121.197726    
 -4599.009732    
 -1705.798124    
  901.1001242    
  3458.964874    
 -6187.736386    
  3883.527262    
  2846.760983    
  53.39023881    
  3107.705075    
  3911.306510    
 -5083.628309    
 -2223.678927    
 -72.79197854    
 -3188.580080    
 -4022.130486    
  1400.477686    
  282.0067338    
  18.41285997    
  1195.376222    
  1947.419228    
  776.2562595    
 -3389.352052    
 -2.449004952    
 -208.4816445    
 -1878.805665    
 -1260.507729    
  1575.016195    
 0.1096921177    
 -19.15598123    
  1431.894744    
  789.5281717    
  67.46993535    
 0.2779599703E-01
  23.91701567    
 -624.6257282    
 -304.3518354    
 -163.1453235    
-0.7790780330E-02
 -8.141303468    
  145.1465191    
  78.94786376    
 -51.63402725    
 0.1133928721E-02
  1.777537026    
-0.1020916041    
 0.9053425532E-01
 0.1072539447    
 0.4031689591E-01
 0.6707148582E-01
   Q=    0.0809
