  152.0121860    
  3065.611859    
 -1546.755417    
  1180.965793    
 -2712.716526    
  192.5421054    
  7481.308423    
 -2990.146935    
  6452.196295    
 -9311.657731    
  67.95145094    
  10880.48087    
 -3192.221706    
  21572.74305    
 -19604.74342    
 -564.0789001    
 -3042.746045    
  3641.862842    
  26607.22528    
 -8773.289193    
 -845.5116889    
 -15301.47936    
  7800.243345    
 -14824.70914    
  15603.73369    
 -1017.444788    
 -2097.764676    
  5465.778093    
  3149.415804    
 -15491.71049    
 -1792.790224    
 -19320.59910    
  13988.37832    
 -620.7342789    
 -4539.431427    
 -1119.482987    
  4390.753073    
  2952.175430    
 -1327.451528    
 -7201.850067    
 -1838.923414    
  12658.48049    
  2433.480132    
  787.0373924    
  8959.813558    
 -2356.448334    
 -4948.893880    
  5087.281938    
 -191.6507180    
 -3241.191775    
 -3089.997231    
 -1876.311884    
 -10734.00506    
  22.89587098    
  375.0633295    
 -8051.379908    
  2061.080192    
  6576.094231    
-0.9157485222E-01
  112.7994803    
 -1136.646006    
 -1155.026743    
 -3787.707002    
-0.6234105676    
 -79.69108605    
  6758.267975    
  473.0142648    
  1907.186619    
 0.1621568982    
  26.78301103    
 -4801.725215    
 -142.8725456    
 -713.0206101    
-0.2595854277E-01
 -6.204706618    
-0.1098200713    
 0.8222202821E-01
 0.9327852053E-01
 0.4454373405E-01
 0.6527850671E-01
   Q=    0.0911
