           0.    
           0.    
           0.    
           0.    
           0.    
  471.0648177    
  4657.810326    
 -2682.872430    
  1934.482342    
 -4064.487443    
  292.9248911    
  1172.657060    
 -1373.572228    
 -6405.273827    
  2655.244934    
  718.4082435    
  9941.585815    
 -5030.852873    
 -4407.576868    
 -7740.864200    
 -125.4509581    
  549.5241683    
  268.2114495    
 -3307.277386    
 -1579.583299    
 -85.57463696    
 -3045.659611    
  1040.287938    
  2473.333006    
  4384.731947    
 -88.50386591    
 -764.2691265    
  657.5020888    
 -741.7227357    
 -2953.919108    
  203.3355925    
 -2686.487179    
 -40.33760783    
 -63.23114168    
 -954.7897018    
  422.6821176    
  2295.395291    
 -3440.322512    
  85.54260840    
  1193.498297    
 -783.4682277    
 -2240.540429    
  164.8357536    
 -30.64982725    
 -656.6147322    
 -1420.551966    
  1116.889717    
  566.4276397    
  6.608928299    
  216.3198419    
 -347.2077398    
 -342.9546493    
 -397.7159324    
-0.9596426309    
 -46.91722842    
  913.9943763    
  52.52799308    
  92.24493413    
 0.8734504994E-01
  5.953803684    
 -458.4126006    
  7.258542501    
  31.91255699    
-0.1761306981E-02
 0.4661200516E-01
  126.6857465    
 -7.150982930    
 -32.25479984    
-0.9849341433E-03
-0.2316652686    
-0.1094765838    
 0.8252055713E-01
 0.9538712160E-01
 0.4419781741E-01
 0.6415453686E-01
   Q=    0.0874
