  2039.930169    
 -3657.152990    
 -932.4261701    
 -1285.305972    
  3563.206455    
  1693.517871    
 -5117.703622    
 -629.7582611    
 -5334.200434    
  6919.965569    
  982.8231926    
 -3849.271322    
 -362.6264400    
 -10568.24625    
  6780.719768    
 -1497.262376    
  4835.021456    
  508.7309733    
  2996.249501    
 -6299.856272    
  2414.820816    
 -1808.198491    
 -1312.694840    
 -62.03519922    
 -137.6173128    
  1368.235641    
  1035.126599    
 -916.5284693    
 -978.5798425    
 -3502.775259    
  1991.104620    
 -56.14098132    
 -1348.750212    
  355.8002187    
  2446.120237    
  1162.756215    
  4499.167524    
 -1190.509226    
 -34.17805035    
  963.4747360    
  3124.088517    
 -1348.807904    
 -1646.321051    
 -4.083140578    
 -635.7966795    
 -2745.677996    
  730.3007416    
  1746.134370    
  3.281176733    
  414.3687093    
  1073.656627    
 -667.8283568    
  408.0016909    
-0.9792895713    
 -230.0755914    
  363.0374670    
  398.7030869    
  277.3100534    
 0.1906879320    
  89.66933204    
 -543.6830042    
 -150.5452811    
 -732.7041154    
-0.2656629804E-01
 -24.40502674    
  247.0460015    
  37.09767782    
  435.9190114    
 0.2687897894E-02
  4.631098862    
 -55.72347686    
 -5.361165460    
 -130.7490548    
-0.1846741026E-03
-0.5552524720    
-0.1058739688    
 0.8533246265E-01
 0.1125116407    
 0.3959459877E-01
 0.7070985883E-01
   Q=    0.0841
