  1826.705558    
 -1479.990713    
 -1244.899702    
 -706.4008455    
  1482.503327    
  1232.845822    
 -1995.831935    
 -718.7693486    
 -3032.362759    
  3293.996874    
 -841.3280272    
 -598.4878506    
  690.0496521    
 -6489.332802    
  3162.922678    
 -4808.359356    
  4736.569975    
  3159.632303    
  870.2924292    
 -5322.394518    
  1011.593505    
 -177.3395405    
 -785.9187926    
 -1711.110454    
 -205.9480940    
 -643.7476905    
  2.599803310    
  456.1045276    
  569.7606964    
  1710.536155    
 -134.7760370    
  315.8023178    
  56.09920074    
  78.99185836    
  733.8674234    
  1062.815745    
 -1448.515623    
 -457.9606232    
 -96.69250090    
 -1491.612426    
 -988.7777634    
  324.4832354    
  1299.347212    
  25.72567699    
  605.1679145    
  2272.136389    
  1249.143759    
 -80.36970619    
 -2.062623937    
  22.94702844    
 -59.79745997    
 -1076.180905    
  2607.292044    
-0.5151698282    
 -100.3560281    
  849.4320662    
  667.6361523    
 -439.1403591    
 0.2371229319    
  55.08652148    
 -1229.466100    
 -310.9803574    
 -1047.846344    
-0.5255335718E-01
 -19.15514987    
  720.7698774    
  105.1232092    
  820.1709027    
 0.8048647722E-02
  4.782845342    
 -248.5622378    
 -25.87986884    
 -310.9568739    
-0.9192116012E-03
-0.8895771861    
-0.1054652405    
 0.8643674931E-01
 0.1084689939    
 0.4188030664E-01
 0.6739894547E-01
   Q=    0.0871
