  524.8063550    
  8260.303369    
 -4090.159943    
  4949.779315    
 -9230.441878    
  315.7427688    
  4477.535580    
 -2334.216561    
  2438.113403    
 -4646.932500    
  1216.954142    
  12993.19009    
 -8307.149124    
 -14038.34373    
 -1138.175705    
  1334.390073    
  22236.62892    
 -11157.29925    
 -9232.920219    
 -16424.99567    
  1263.044608    
  12852.54379    
 -9023.747360    
 -5667.900372    
  3848.945180    
  1014.988936    
  15585.64256    
 -10298.10372    
  9266.959126    
  22923.18785    
 -1117.195431    
  9060.142885    
  1732.019060    
 -342.1829195    
  1151.717611    
 -2244.510549    
 -19442.57627    
  17843.68608    
 -1178.268805    
 -8153.247931    
  817.7298737    
  19430.67817    
  867.9799778    
  543.8971947    
  5090.129433    
  3353.070594    
 -6392.138818    
  3944.897938    
 -116.4193938    
 -1429.792818    
  5356.396528    
 -492.6277671    
 -8883.223186    
  11.87148451    
  152.8530839    
 -456.4900539    
  1448.401267    
  7751.092758    
 0.6227352683    
  40.32568299    
 -1616.930849    
 -739.1056651    
 -3959.705839    
-0.4743080464    
 -23.05829013    
 -74.25697497    
  228.3995719    
  1329.166112    
 0.9822599491E-01
  5.955737887    
  1051.054577    
 -48.68011219    
 -293.7303408    
-0.1319864421E-01
 -1.037585123    
-0.1112028593    
 0.7979730649E-01
 0.9351340512E-01
 0.4448288312E-01
 0.6015772503E-01
   Q=    0.1073
