  7512.495926    
  2486.819952    
 -9360.696654    
  563.0578977    
 -1152.330349    
  3019.571297    
  1009.077069    
 -3766.029864    
  261.5053184    
 -488.7746733    
 -1119.572061    
 -2234.670328    
  2081.923051    
 -5805.233667    
  4729.356603    
  3530.511464    
 -947.9815159    
 -3720.955602    
 -13410.40189    
  7059.328844    
 -4219.352404    
 -1273.285480    
  5318.719617    
  12542.51332    
 -2985.697041    
  4183.796063    
 -856.2230740    
 -4407.933881    
 -2968.659407    
  4681.011612    
 -2854.011048    
  268.3251337    
  3349.694456    
 -870.2632267    
 -7659.351793    
  3350.035545    
 -4342.068781    
 -2326.322973    
  684.7425731    
  4419.514188    
 -1692.161479    
  69.52622100    
  786.0231129    
 -274.0491419    
 -2333.763102    
 -997.0036891    
  1037.339897    
 -1313.836673    
  71.70612280    
  876.4182738    
 -755.2551057    
 -897.5493013    
 -616.1083041    
 -13.16804120    
 -232.5482420    
  823.2389957    
  292.0610757    
  663.6925280    
  1.632661584    
  39.69900804    
 -191.7827093    
  9.726142597    
 -121.5781918    
-0.9959350969E-01
 -2.343011288    
 -48.42161625    
 -45.45643678    
 -61.69962169    
-0.9089478422E-02
-0.9254394826    
  45.04229726    
  20.67652580    
  44.78727114    
 0.3534551786E-02
 0.3646321691    
-0.9673820449E-01
 0.8626706627E-01
 0.9553040712E-01
 0.4594795222E-01
 0.6324950410E-01
   Q=    0.0433
