           0.    
           0.    
           0.    
           0.    
           0.    
 -1635.691948    
 -28930.97135    
  8245.823066    
 -29925.08403    
  42275.94074    
  806.6684224    
  560.8077583    
 -2513.682257    
 -23549.41085    
  10103.35539    
 -76.23276554    
  5803.489808    
 -470.6579522    
  21658.84980    
 -14132.13783    
  14.06899727    
 -2243.113362    
  246.3587424    
 -4691.478961    
  4769.586110    
 -43.61281785    
  4982.765351    
 -367.8342988    
 -3406.973074    
 -11915.00792    
 -241.9393467    
 -8765.720963    
  2052.948947    
  1967.319660    
  7815.662746    
  944.6143675    
  2255.108158    
 -3128.529423    
 -585.8194200    
 -4187.529690    
  700.0942102    
 -2454.797575    
 -3353.939057    
  94.65725868    
  816.5296898    
 -724.3606196    
  505.8595172    
 -2684.782259    
 -8.917125328    
 -78.76697889    
 -3566.401210    
  198.2729446    
  4142.089169    
 0.1210201393    
 -1.508721438    
 -495.4001844    
 -238.1479271    
 -3492.356398    
 0.1048599843    
 -2.986583329    
  1261.504771    
  109.1306061    
  1736.070148    
-0.1903775245E-01
  2.390145712    
  2.393483005    
 -30.38754334    
 -512.8640180    
 0.1978701967E-02
-0.7276602613    
 -531.3895168    
  5.489599954    
  69.67497715    
-0.1298054520E-03
 0.1357890368    
-0.1099674919    
 0.7873252974E-01
 0.9762197017E-01
 0.4071780300E-01
 0.6343778344E-01
   Q=    0.1027
