  164.2882058    
 -738.2555780    
  66.74224445    
 -527.5043108    
  975.2338168    
 -1417.591412    
  553.9189640    
  734.5176323    
 -844.7579035    
  734.8013142    
 -1122.311926    
 -391.1753435    
  809.5595475    
 -333.6182845    
  1320.519690    
  858.9727499    
 -5484.686432    
  710.8949682    
  4536.493597    
  5445.070140    
 -8012.470189    
 -2103.995131    
  4921.035294    
  12106.85689    
  11622.69348    
 -18697.16687    
  10850.91231    
  8055.422463    
 -1203.391517    
  13197.44701    
  3905.151273    
 -3601.889994    
 -1876.309522    
  3829.496566    
  6130.947540    
  6357.903659    
 -2157.403954    
 -3034.111166    
 -2209.200884    
 -9257.817289    
 -1777.686283    
  5333.569747    
 -109.1450799    
  656.9222907    
  4757.612753    
  2498.611280    
  252.2937804    
 -996.3892468    
 -80.76264275    
 -683.8306227    
 -3358.578607    
 -2659.921971    
  2077.327583    
 -10.84357877    
 -355.7327004    
  2296.238617    
  1818.097700    
 -1479.110999    
  7.077872649    
  241.7199063    
 -658.0776411    
 -644.2183761    
  1438.454616    
 -1.666731904    
 -74.96094662    
 -109.4690019    
  119.4818219    
 -1236.454782    
 0.2469929523    
  14.38794034    
  192.1543978    
  3.077389138    
  738.9952692    
-0.2355900811E-01
 -1.530130403    
-0.9760666723E-01
 0.8703574212E-01
 0.1037370794    
 0.5026492434E-01
 0.6947108465E-01
   Q=    0.1115
