           0.    
           0.    
           0.    
           0.    
           0.    
 -12510.99836    
  23741.30362    
  1471.271517    
  14532.75294    
 -23557.17662    
 -4789.916584    
  10665.99003    
  443.4387757    
  12564.74323    
 -13900.22009    
 -4587.563439    
  5691.880396    
  666.9007434    
 -24883.73605    
  4927.655675    
 -5747.861409    
  13803.78991    
  399.9872563    
 -10404.86842    
 -14693.09545    
  10237.57775    
 -21377.06693    
 -1002.464267    
  12731.90847    
  20804.56003    
 -6892.208596    
  12903.10078    
  830.3210808    
 -4807.899188    
 -12068.07855    
  6272.637643    
 -12369.79829    
 -584.7546086    
  622.1424912    
 -591.8245198    
 -8155.726091    
  8837.785118    
  915.8422888    
  117.5963947    
  3248.713269    
  4777.079731    
 -5064.496243    
 -1875.322617    
 -75.95799421    
 -1894.536729    
 -3596.249880    
  1480.096313    
 -824.4282862    
  18.63763084    
  597.2662867    
  2409.904869    
  8.835158823    
 -571.9380738    
 -2.791790078    
 -110.9033645    
 -1207.272145    
 -216.5451881    
  1883.133328    
 0.2445648078    
  7.025073389    
  442.8589109    
  112.9851745    
 -1775.453457    
-0.1244727200E-02
  2.855928844    
 -114.1302259    
 -35.33544733    
  1113.666197    
-0.3647561303E-02
 -1.199840263    
-0.9461100060E-01
 0.8382703222E-01
 0.1093372916    
 0.4489173259E-01
 0.6570948143E-01
   Q=    0.0521
