  2561.932600    
  6639.253742    
 -5619.538006    
  2106.965705    
 -5276.951152    
  3716.245708    
  13359.03475    
 -8923.118125    
  10533.53613    
 -14293.45731    
  5815.101290    
  22381.07333    
 -14074.84055    
  32335.30659    
 -27692.94504    
  4448.980831    
  17216.99977    
 -10788.01118    
  31294.44794    
 -21793.67842    
  5321.615127    
  18941.61758    
 -12814.91867    
 -28569.99406    
 -17099.33616    
  1855.759384    
  10759.12212    
 -5136.070414    
 -2484.659131    
 -16105.89050    
 -2614.872817    
 -18758.20973    
  7541.820300    
  5017.661232    
  37601.32630    
  1836.091848    
  13422.80658    
 -5493.858857    
 -1513.064830    
 -19158.24575    
 -5185.209330    
 -14665.34093    
  12908.99484    
  166.5050017    
  366.2175899    
  4360.651257    
  16175.24228    
 -7786.512178    
  21.33920771    
  4207.829478    
  785.3331105    
 -8253.487501    
  6963.923738    
 -10.89936917    
 -2212.570029    
  5409.724335    
  2128.850954    
 -3313.321114    
  2.007489643    
  599.6034890    
 -2769.368086    
  251.2069477    
  3175.623710    
-0.2078567171    
 -73.99022951    
 -125.5725850    
 -470.7474776    
 -2459.158838    
 0.7708521717E-02
 -10.04047953    
  386.1546517    
  218.8488833    
  1140.719560    
 0.1454835647E-02
  7.405377840    
-0.1037764722    
 0.8289173533E-01
 0.9792480989E-01
 0.3781082252E-01
 0.6548732570E-01
   Q=    0.0821
