           0.    
           0.    
           0.    
           0.    
           0.    
 -10078.14225    
 -29426.86961    
  25082.98545    
 -23253.02364    
  30725.03575    
 -526.8927921    
  408.7001197    
  851.0795171    
  7854.513212    
 -4116.467712    
 -8842.314975    
 -22013.53360    
  21267.19114    
  18675.47393    
  11060.76519    
 -37.93926918    
  1242.252998    
 -158.6290427    
 -219.8867251    
 -3879.951117    
 -3118.350507    
 -130.1528642    
  5956.137418    
 -5724.730567    
 -20430.71926    
  946.2629542    
 -1753.231782    
 -1187.375300    
  1645.831088    
  8355.346344    
  1162.096889    
  9065.033297    
 -4408.112151    
  13.92261950    
  2114.674352    
 -1622.994128    
 -7360.439678    
  6332.193292    
 -105.5783064    
 -2585.074669    
  4223.430502    
  2054.681311    
 -5410.973304    
  29.57546567    
  939.3832765    
 -509.7225707    
  1091.244102    
  5961.575933    
 -4.154189194    
 -151.0047801    
  1682.353752    
 -1052.246540    
 -2995.985544    
 0.2521868710    
 -5.190741448    
 -2943.535526    
  409.0241063    
  483.7412290    
 0.2449791415E-01
  9.202939601    
  2354.414273    
 -91.34426338    
  301.6918549    
-0.8708658753E-02
 -2.667584115    
 -1248.470310    
  7.642033421    
 -274.4283732    
 0.1294421415E-02
 0.4752397742    
-0.1036609460    
 0.8403060843E-01
 0.9727927609E-01
 0.4084135690E-01
 0.6184064129E-01
   Q=    0.0674
