  3694.056653    
  6028.165497    
 -1257.144559    
 -3467.064385    
 -5863.546408    
  1103.768941    
  3571.878327    
 -305.9173743    
 -3783.848013    
 -2411.192440    
  6643.083851    
  6377.458977    
 -2273.805963    
  8966.442198    
 -9724.533952    
  6694.421076    
  25605.60790    
 -1583.354773    
  3337.764363    
 -17271.72011    
 -4689.714087    
  18712.34502    
  2121.447228    
  6037.305642    
 -392.5432262    
 -12441.11041    
 -14058.79382    
  3664.392555    
 -2443.984730    
  22427.23399    
  1368.146663    
  12371.76183    
 -1224.383405    
  685.2871630    
  2305.248583    
  5567.968212    
 -3690.853950    
 -2674.975537    
 -98.38907688    
 -2028.102246    
  1047.796554    
  276.2228081    
 -1277.516996    
  5.005712704    
 -69.59505857    
 -1918.170688    
  246.6437529    
 -709.5674767    
  1.107500863    
  1408.168198    
 -114.8952505    
 -123.8746586    
 -768.3685137    
-0.3184791937    
 -1069.113141    
  197.6572713    
  30.25211428    
  757.1350615    
 0.4276908342E-01
  360.8733635    
  237.0015625    
 -4.038553054    
  193.9058863    
-0.3454891983E-02
 -40.96290632    
 -269.6350960    
 0.5757236927E-01
 -461.0196540    
 0.1225463039E-03
 -17.22942988    
  134.6753861    
 0.1113690275    
  272.0367494    
 0.1022664961E-04
  10.63647008    
-0.9608831742E-01
 0.5824998334E-01
 0.1050748382    
 0.3189037952E-01
 0.7905610921E-01
   Q=    0.1246
