 -4853.710435    
  7539.283132    
  1383.617734    
  3553.580950    
 -7159.851728    
 -5685.349470    
  11177.14552    
  1381.779719    
  11682.98175    
 -15048.68600    
 -7098.902385    
  13267.49586    
  1851.532731    
  18287.93162    
 -18689.92051    
 -2628.727742    
  2461.506099    
  858.8676932    
 -15030.51244    
  3481.878368    
 -2755.736191    
  1966.559300    
  996.8667831    
 -527.7609427    
  2550.317799    
 -2890.932259    
 -1276.066217    
  1259.543729    
  5926.555942    
  15176.65908    
 -2928.987950    
  3124.936699    
  1107.569262    
 -2115.415167    
 -7949.323711    
 -226.4469010    
 -11330.58854    
  1225.897333    
  179.2663617    
 -983.0341935    
 -9561.028420    
  5582.070553    
  2741.940729    
  69.73826532    
  1819.231011    
  4686.865492    
 -4465.776346    
 -2119.970808    
 -39.64162900    
 -1187.147810    
  417.5173947    
  3103.073936    
 -623.9144335    
  11.13795716    
  503.0055461    
 -1286.814147    
 -1369.877011    
  444.0682990    
 -2.097774502    
 -145.9827222    
  382.4438915    
  365.2261539    
 -619.7720630    
 0.2786518782    
  29.08642493    
  143.6009285    
 -40.86552007    
  814.4980342    
-0.2482208127E-01
 -3.573753282    
 -172.2977532    
 -11.41097139    
 -582.9693771    
 0.9586287944E-03
 0.6550450097E-01
-0.1023464717    
 0.8697081774E-01
 0.1128488055    
 0.4418222039E-01
 0.6592493733E-01
   Q=    0.0675
