           0.    
           0.    
           0.    
           0.    
           0.    
 -357.2107920    
 -21779.34849    
  2344.338145    
 -11517.58347    
  27273.30578    
  252.5834848    
 -2221.374481    
 -852.9594572    
 -11541.58617    
  7114.454121    
 -36.22575206    
  10169.79128    
 -398.2684635    
  13184.20308    
 -15349.12472    
 -460.6763511    
 -5961.473660    
  1809.118875    
 -3950.208442    
  4612.492705    
 -1008.441855    
 -1630.201605    
  3866.112272    
 -3789.011794    
 -11927.94152    
 -1324.929732    
 -16870.32361    
  6198.241555    
  1803.877769    
 -2350.457635    
 -570.0633956    
  5537.960149    
  1601.791156    
 -713.8468942    
 -1710.360176    
 -1065.696994    
  2594.341735    
  5441.339412    
  199.9289232    
  3049.669055    
  1569.277545    
 -466.8358084    
  367.8775081    
 -28.52832225    
 -655.2954163    
  4456.588863    
 -1201.321971    
 -6693.978326    
-0.4695404475    
 -387.3655013    
  1586.281669    
  984.1991720    
  7773.341327    
  1.192836442    
  328.9192972    
 -625.2965810    
 -394.0873774    
 -4036.101526    
-0.2969851570    
 -121.0580425    
 -2926.034607    
  97.26037666    
  974.1650803    
 0.4394252805E-01
  27.64123627    
  3431.281860    
 -13.94348656    
  76.22688987    
-0.4346068044E-02
 -3.918900319    
-0.1186105318    
 0.7949697534E-01
 0.1037116210    
 0.4350625618E-01
 0.7145210367E-01
   Q=    0.1004
