           0.    
           0.    
           0.    
           0.    
           0.    
  387.4572241    
  7806.929525    
 -1402.781098    
  10224.23225    
 -13158.34457    
 -601.6365433    
 -7211.893510    
  1671.217958    
 -15648.57677    
  13167.90009    
  377.8157383    
  13321.25180    
 -1899.731125    
 -1013.014330    
 -20436.21140    
 -2155.420381    
 -4086.208958    
  5059.809786    
 -5442.210698    
 -7848.208719    
 -2059.092636    
 -13511.09786    
  5898.876091    
  1410.982746    
  357.7801407    
 -857.1215503    
 -12204.18506    
  3330.023529    
 -611.8258485    
 -7399.158959    
  2875.561408    
  2665.404552    
 -7137.229225    
  27.02489231    
  945.1906461    
  2401.423164    
  1120.764298    
 -9237.702631    
  28.48141724    
  780.1917799    
 -2674.698329    
 -3361.575154    
 -2685.006266    
 -13.14073883    
 -845.8844136    
 -7475.091079    
  2093.981054    
  5503.505028    
  3.065952618    
  365.9986405    
  5.181054424    
 -785.3582433    
 -5225.821957    
-0.4783455054    
 -101.1137987    
  2778.167173    
  196.6910080    
  2619.448000    
 0.5242088187E-01
  19.16778579    
 -1104.886585    
 -30.43601946    
 -662.7053491    
-0.3736829299E-02
 -2.309121571    
 -54.00018450    
  1.172106403    
  11.72438395    
 0.8456801975E-04
 0.7960810763E-01
-0.1098948178    
 0.7501279604E-01
 0.1001943421    
 0.3774202875E-01
 0.6107579857E-01
   Q=    0.0827
