 -1033.150761    
  2592.426618    
  136.2015712    
  2074.534537    
 -3529.853924    
 -560.5291302    
  2536.485421    
  20.00868790    
  5673.223847    
 -5995.481918    
 -337.4655817    
  1754.721247    
  20.57292817    
  7905.511676    
 -5741.530289    
  1102.268555    
 -3402.597563    
 -113.8261619    
 -2880.787200    
  5612.361221    
 -525.2301491    
  128.2459248    
  122.2935034    
  1732.566824    
  1806.177052    
 -863.1649157    
  1180.167879    
  135.1568399    
  822.4543083    
  2136.769747    
 -1099.121397    
  1582.160003    
  221.4072860    
 -493.1757825    
 -1395.818851    
 -1774.834147    
 -2258.439149    
  519.3784019    
  123.8553767    
  379.3878767    
 -5012.555099    
 -262.6222882    
  816.6330440    
 -17.83634009    
 -101.8101103    
 -845.1251395    
 -1402.391537    
 -577.3230491    
 -7.379652335    
 -173.6526761    
  4677.645049    
  1740.109916    
 -2066.355834    
  4.575917512    
  141.8862246    
 -3969.079126    
 -986.4401507    
 -499.1323639    
 -1.252854916    
 -55.69056548    
  1780.286223    
  344.6494814    
  370.7032179    
 0.2222324271    
  14.08741626    
 -444.5485206    
 -78.29615376    
  942.3174431    
-0.2763928350E-01
 -2.451893649    
  23.19990650    
  9.865845931    
 -1184.390198    
 0.2336934375E-02
 0.2768368948    
-0.1010849109    
 0.8402875949E-01
 0.1190039198    
 0.4496931167E-01
 0.6316419903E-01
   Q=    0.1072
