           0.    
           0.    
           0.    
           0.    
           0.    
  1905.715873    
  10618.69862    
 -9774.232125    
  12407.89971    
 -11269.92332    
  553.2835823    
  3735.279433    
 -3240.802524    
  3630.548093    
 -3869.569152    
  1754.944065    
  12143.92944    
 -10413.06100    
 -11108.41131    
 -8345.577623    
 -1161.956926    
  1919.202869    
  1642.674775    
 -6173.139534    
 -18652.64479    
 -4063.848935    
 -21761.04058    
  20646.65433    
  3040.300954    
  7532.016882    
 -686.8912691    
 -2989.299966    
  3319.529545    
 -2006.839954    
 -12985.02912    
  196.0217172    
  7604.865620    
 -4076.097952    
  371.9777937    
  3857.053692    
 -1517.183984    
  3879.195756    
  3760.312802    
  16.21805076    
  276.9667006    
  840.6119053    
 -379.3341626    
  4518.844056    
 -16.21971941    
 -355.0879416    
  8004.182067    
 -4697.461870    
 -8612.312372    
  2.431803057    
  61.87395896    
  400.5148583    
  5941.983460    
  10262.79853    
 0.4155617423E-01
  11.66296226    
 -81.18076384    
 -3240.417914    
 -5650.909145    
-0.7649688510E-01
 -8.163209939    
 -4007.637199    
  911.2064004    
  1266.127154    
 0.1525775799E-01
  2.051540656    
  4519.164304    
 -56.09611767    
  308.5174151    
-0.1737344839E-02
-0.3035047160    
-0.1189154977    
 0.9992129127E-01
 0.1079711756    
 0.4232104853E-01
 0.6049450374E-01
   Q=    0.1108
