           0.    
           0.    
           0.    
           0.    
           0.    
 -956.9159973    
 -12108.15199    
  4251.469821    
 -21139.17184    
  17368.22578    
  641.8654077    
  3932.128542    
 -2296.150160    
 -11184.86910    
 -1644.613179    
 -1081.336296    
 -7008.301772    
  3728.485337    
  6258.849986    
  6090.003027    
 -251.7646059    
 -7981.447780    
  1697.170133    
  1935.097152    
  16136.38716    
  1269.698288    
  17924.55797    
 -6664.665731    
 -1170.854394    
 -14743.58864    
 -1479.249159    
  14505.18225    
 -540.9172571    
  388.3795249    
  17804.66889    
 -7953.394730    
  875.8009245    
  20317.53458    
 -50.61437331    
 -4246.442977    
 -4786.405305    
  3981.494912    
  16332.30961    
  3.368467890    
  814.9491747    
  5578.575168    
  496.3125703    
 -10778.58171    
 0.5021401607    
  354.2374592    
  886.3949096    
 -2048.317963    
  224.9749791    
-0.1869855573    
 -313.5133707    
 -1928.355906    
  1098.248667    
  1835.670791    
 0.2882852258E-01
  108.5305517    
  2986.111460    
 -285.1570650    
 -330.0170117    
-0.2775056713E-02
 -21.92505308    
 -2859.789608    
  24.63761222    
 -416.2150298    
 0.1679870467E-03
  2.398503812    
  1695.127213    
  10.61347613    
  339.5039575    
-0.3783968109E-05
 0.5014646290E-01
-0.1090329330    
 0.7974339968E-01
 0.9797696311E-01
 0.2940324022E-01
 0.6155823157E-01
   Q=    0.1178
