 -1983.036180    
  3353.126844    
  404.0772721    
  1239.412765    
 -2762.178591    
 -1771.740909    
  3691.926018    
  298.4417785    
  3464.623744    
 -4201.145545    
 -3244.399873    
  5792.356057    
  641.8142122    
  4132.637212    
 -5499.175722    
 -2525.956173    
  4460.035334    
  479.8670445    
 -3952.767024    
 -3200.843936    
 -1538.600047    
  2144.437484    
  348.2367760    
 -2117.589085    
 -756.1996288    
 -318.7476572    
 -2095.443424    
  219.1939238    
  1968.022400    
  8331.229302    
 -1210.566337    
  2514.085434    
  211.9041245    
 -480.6560983    
 -3405.662465    
  2042.674032    
 -5145.558794    
 -238.5911310    
  17.73149363    
 -1128.501659    
 -3097.669999    
  4153.735415    
  451.8536868    
  18.52709019    
  1461.084753    
  1576.276317    
 -2451.180942    
 -720.0875414    
 -6.269141648    
 -722.4183444    
 -951.9312477    
  900.7978416    
 -378.7351041    
  1.161492520    
  221.0278985    
  556.3039260    
 -179.3093296    
 -258.3457407    
-0.1444096774    
 -44.59186527    
 -276.0448308    
 -9.288649924    
  726.6149605    
 0.1176936969E-01
  5.008960954    
  110.8252036    
  21.96101708    
 -598.3913039    
-0.3820397199E-03
 0.2260118395    
 -32.79896445    
 -9.262171164    
  332.9596671    
-0.5761191320E-04
-0.2516548038    
-0.1002865642    
 0.8628802713E-01
 0.1134301290    
 0.3833056606E-01
 0.6653723847E-01
   Q=    0.0852
