  850.0809975    
 -880.9232758    
 -307.7253571    
 -171.2890140    
  487.3672941    
 -1922.846158    
  4073.941404    
  391.4483187    
  6883.679591    
 -6357.457515    
  5361.073197    
 -4062.283203    
 -1974.853860    
  21263.49411    
 -5258.754619    
  8660.478464    
 -14485.42461    
 -2220.567015    
 -2298.481180    
  15756.77752    
 -1581.803615    
  689.3955849    
  650.3474616    
  3760.974659    
  2104.474583    
 -2144.096377    
  3320.269363    
  592.1894329    
 -1259.145370    
 -3904.617777    
 -448.0537745    
 -57.62718780    
  46.39230585    
  192.7157575    
  1739.601607    
 -1009.601862    
  499.2528898    
 -398.5021208    
  21.83203775    
  498.9478962    
 -1225.359027    
 -2138.947543    
 -2115.059087    
 -16.24468851    
 -692.4447420    
 -3172.950837    
 -184.5580727    
 -5434.819357    
  2.678529850    
  158.0012011    
 -664.0318771    
  295.9923171    
 -7736.865122    
-0.1023964450    
  6.067766538    
 -1651.607339    
 -738.6780037    
  1008.502233    
-0.8296768021E-01
 -32.58066632    
  2873.558283    
  643.9392428    
  5663.356237    
 0.2805648632E-01
  17.95657029    
 -1863.610334    
 -308.5946658    
 -4997.990717    
-0.5196155472E-02
 -5.741608922    
  748.4976117    
  99.52896237    
  2363.858460    
 0.6737227895E-03
  1.282353108    
-0.1028586142    
 0.8892722516E-01
 0.1120675784    
 0.3934202720E-01
 0.6566983932E-01
   Q=    0.1075
