           0.    
           0.    
           0.    
           0.    
           0.    
  3968.169109    
 -8129.605534    
 -1234.785613    
 -5324.362057    
  9809.099364    
  503.3910459    
 -474.9596156    
 -191.0029229    
  1020.994781    
 -341.9188240    
  2944.203970    
 -4100.977662    
 -1002.655911    
  6571.693376    
  274.2527157    
  961.9400286    
 -2194.237486    
 -267.8497029    
  2055.055210    
  1936.310585    
 -1216.651434    
  4193.800190    
  203.9428018    
 -4069.466415    
 -5109.422115    
  567.4301756    
 -502.6431810    
 -401.1933806    
  2022.075464    
  4400.871928    
  1239.900044    
  3287.277452    
 -1056.272167    
 -293.6256440    
 -122.6689234    
  3151.639774    
 -1321.874528    
 -1593.468872    
 -32.93885185    
 -530.0775262    
 -3018.082970    
  765.8213684    
  291.6584405    
  35.73888961    
  402.1813290    
  593.7039368    
 -549.7190023    
 -1555.084524    
 -12.18164510    
 -182.5095370    
 -485.3062851    
  144.8446129    
 -121.4387088    
  2.376904969    
  45.86651966    
  670.7525145    
  29.56484800    
  1360.052389    
-0.2536461701    
 -4.322915405    
 -448.6731276    
 -36.87766412    
 -1111.243899    
-0.2390353640E-03
 -1.242397877    
  187.7281341    
  15.37891652    
  509.6520008    
 0.5782472177E-02
 0.6512897010    
-0.9901923343E-01
 0.8276619165E-01
 0.1078751443    
 0.4952637425E-01
 0.6713525932E-01
   Q=    0.0569
