           0.    
           0.    
           0.    
           0.    
           0.    
 -153.3676502    
 -2291.166780    
  256.7201787    
 -4920.613115    
  5111.351218    
  39.00569341    
 -5955.430382    
  337.7489222    
 -25306.27620    
  16080.37071    
 -10108.10163    
  22417.75066    
  1781.631639    
  3099.357366    
 -21861.57088    
  5604.657205    
 -9140.400932    
 -1276.738046    
 -1823.300973    
  5989.453327    
 -569.1364939    
  2655.870640    
  52.92490160    
 -1284.065123    
 -5438.169614    
  6252.048930    
 -10428.27438    
 -1176.406730    
  541.0453412    
 -1575.603839    
 -5727.252131    
  3063.184878    
  1713.531964    
 -273.0630735    
 -958.2825689    
 -3811.487979    
 -1922.775363    
  710.8478819    
  77.11849915    
  738.1353454    
 -2643.044701    
 -1882.233677    
 -912.0519091    
 -19.71186338    
 -708.9974082    
  3985.834475    
  1923.044863    
 -4062.157976    
  4.001611671    
  346.3415977    
 -3130.859235    
 -982.6165285    
 -225.7216245    
-0.6255066503    
 -112.2149908    
  1422.281741    
  319.6644624    
  1425.142115    
 0.7163960360E-01
  25.14557958    
 -355.2243057    
 -64.39573767    
 -351.8599166    
-0.5125067970E-02
 -3.624150323    
  19.50975308    
  5.072422786    
 -224.3906922    
 0.2149942478E-04
 0.1924280756    
-0.9674927775E-01
 0.8299548447E-01
 0.1086388415    
 0.4196060660E-01
 0.6684130935E-01
   Q=    0.0873
