           0.    
           0.    
           0.    
           0.    
           0.    
 -2055.990625    
  3973.419038    
 -3804.537867    
 -3785.871973    
  5360.032464    
  3924.741065    
 -8553.693203    
  8843.626789    
  1796.299125    
 -6994.231884    
 -1406.876206    
 -644.6175509    
  6287.783493    
 -13527.25889    
  1169.479219    
 -10430.31429    
  12696.14242    
  6666.844032    
 -12326.69059    
 -15077.93692    
 -14323.67665    
  21109.36965    
 -287.7744305    
 -10589.09900    
 -18952.72128    
  1785.979142    
 -6533.920956    
  9256.984700    
 -931.2362851    
  3095.239490    
 -5061.471682    
  3617.798178    
  9849.237239    
  4822.453061    
  8336.650897    
 -1422.824407    
  6168.532565    
  6315.256959    
 -506.8608713    
 -251.6057439    
  16121.47641    
 -3088.441738    
 -11645.43294    
 -652.5349848    
 -2355.517484    
  3405.758554    
  11875.44498    
  10116.15215    
  398.6206081    
  1566.883439    
 -2969.790597    
 -6026.299586    
 -4135.478463    
 -114.2671122    
 -510.6456289    
 -2212.630399    
 -18.24079465    
  755.0655355    
  19.22578627    
  94.61572772    
  2777.061626    
  1282.370964    
  74.36348528    
 -1.586580984    
 -6.916705331    
 -1465.270451    
 -749.8913404    
 -95.32802084    
-0.1224748672    
 -1.644761412    
-0.9469716563E-01
 0.9107284134E-01
 0.8084435769E-01
 0.5588452995E-01
 0.6430659167E-01
   Q=    0.1213
