           0.    
           0.    
           0.    
           0.    
           0.    
  3618.057554    
  12788.95907    
 -6347.761316    
  13277.10046    
 -20216.73390    
 -995.5349461    
  736.5059856    
  1393.837460    
  7892.701526    
 -5303.617599    
  624.7468943    
 -245.3916845    
 -965.9764341    
 -12351.01328    
  5189.716871    
 -324.8626611    
  3448.320787    
  144.6730679    
 -1680.008732    
 -7174.864126    
 -2103.608289    
 -7366.433303    
  3752.251737    
  5137.922758    
  8855.068755    
  1621.214948    
  4578.122803    
 -2700.761714    
 -2660.858072    
 -6504.927202    
 -318.0217215    
 -3744.299081    
  898.8715105    
  657.4500435    
  1886.368886    
  1985.300583    
  1345.445613    
 -3123.880668    
 -82.29435964    
 -156.0379084    
 -2065.744601    
 -623.4235346    
  3157.439408    
 -6.028437820    
 -194.9999960    
  1337.937018    
  328.8171793    
 -1776.100085    
  5.410842887    
  121.0046101    
 -394.3094848    
 -91.93484016    
  977.5219612    
 -1.312307290    
 -36.21460594    
  86.47007040    
 0.2111675670    
 -475.7275182    
 0.1892168108    
  6.142636332    
 -105.3983702    
  10.39300922    
  156.1564632    
-0.1592581355E-01
-0.3216640187    
  114.3749831    
 -4.776368468    
 -18.00949142    
 0.1012542556E-03
-0.1445843096    
-0.1080369027    
 0.8107196419E-01
 0.1037153332    
 0.4674820089E-01
 0.6560415087E-01
   Q=    0.0758
