 -2448.190539    
  4577.162745    
  395.3375337    
  2445.313203    
 -4469.467772    
 -1282.617335    
  3795.768240    
  97.10212479    
  7056.877598    
 -6484.708415    
 -1733.990807    
  4147.161725    
  239.4483999    
  11015.09495    
 -7062.903717    
  1128.951250    
 -2464.146093    
 -163.2242182    
 -4412.311504    
  3462.510848    
 -713.7126717    
  790.4122576    
  161.3125259    
  94.63785933    
  207.0820406    
  309.1458490    
 -1551.964402    
  3.254226855    
  1017.344717    
  4330.276272    
 -1126.614532    
  1789.548256    
  236.6959573    
 -389.0591302    
 -3000.442846    
 -316.3980379    
 -2483.903914    
  286.6675517    
  63.92118498    
  594.0233590    
 -3769.165329    
  828.0529835    
  792.3829717    
 -1.613765568    
  159.6379552    
 -563.2181443    
 -2081.344708    
 -426.9942095    
 -3.037219513    
 -334.1890520    
  2884.057627    
  1914.181809    
 -1878.416513    
  1.048701523    
  190.0069897    
 -2448.788404    
 -999.3005084    
 -196.5991527    
-0.2050759555    
 -64.96442722    
  1120.254477    
  339.2504994    
  822.9164030    
 0.2774209983E-01
  15.25112053    
 -291.1824719    
 -75.41230470    
 -170.6616652    
-0.2694222160E-02
 -2.506005170    
  22.17172045    
  8.772391885    
 -201.7001725    
 0.1759599126E-03
 0.2589954877    
-0.9990472018E-01
 0.8563366860E-01
 0.1149467941    
 0.3805331746E-01
 0.6395083260E-01
   Q=    0.1105
