           0.    
           0.    
           0.    
           0.    
           0.    
  548.7059122    
 -1221.778391    
 -498.2371056    
 -1290.427153    
  2152.768253    
  1833.408335    
  2412.287085    
 -3087.080045    
  771.2911136    
 -1639.795674    
 -1009.048421    
 -6591.314865    
  3358.282077    
  5467.774993    
  3828.156667    
  7222.456913    
 -4014.369878    
 -9056.505074    
  11625.85902    
  7949.112961    
  11799.74230    
 -978.5540825    
 -16305.14247    
  399.2419484    
  10482.67607    
  3973.063929    
 -13997.28121    
  469.0496744    
  1534.038972    
 -5907.105565    
  10769.24528    
 -20261.64830    
 -7741.697836    
 -2392.083464    
 -13566.53796    
  2806.396473    
 -6772.403489    
 -4432.025772    
  11.57873667    
 -2063.497053    
 -14497.02896    
  18265.00380    
  9522.048215    
  359.7159760    
  6810.853224    
  903.7382632    
 -12961.22161    
 -13429.79931    
 -153.1846769    
 -3997.157623    
 -5595.408071    
  4273.832343    
  2560.812039    
  34.02675689    
  1199.423524    
  9148.791839    
 -418.6882611    
  3656.632058    
 -4.451482025    
 -180.6403105    
 -6377.914157    
 -258.7268662    
 -3270.904141    
 0.2294848080    
 -6.812457862    
  2845.520419    
  154.9974731    
  1513.125122    
 0.4336022530E-01
  11.79623091    
-0.9720390077E-01
 0.8166535722E-01
 0.9359642020E-01
 0.4996174383E-01
 0.6999451995E-01
   Q=    0.1047
