  1413.250347    
  3388.986757    
 -3209.156273    
  1453.189894    
 -2812.519798    
  1607.694575    
  5411.997496    
 -4048.293303    
  5763.317904    
 -6665.784469    
  2576.897249    
  8607.738810    
 -6391.771568    
  14749.11298    
 -12115.94957    
  1582.448621    
  5464.278466    
 -3982.413713    
  10525.51121    
 -7821.318422    
  1862.681642    
  5899.773770    
 -4629.551410    
 -11556.80966    
 -4910.266539    
  355.3506268    
  2561.050018    
 -1192.865402    
 -125.1672575    
 -5142.769670    
 -1178.009932    
 -5686.161661    
  3245.503342    
  1941.225718    
  12038.37331    
  482.7613468    
  3441.049646    
 -1552.962277    
 -718.5278467    
 -6907.875657    
 -1187.068679    
 -3333.315354    
  3125.830980    
  109.4077536    
  1220.357614    
  1116.497337    
  4142.211324    
 -2026.672127    
  2.138247571    
  530.8706281    
  241.7507168    
 -2232.936800    
  2007.092920    
 -4.288653843    
 -374.0412307    
  1610.945795    
  597.4109334    
 -978.1077288    
 0.9559599404    
  109.5464428    
 -679.2994761    
  106.0523856    
  1005.194380    
-0.1126468710    
 -15.46511845    
 -213.4507825    
 -170.6503933    
 -805.1737415    
 0.5126621600E-02
-0.8188571651    
  226.4973178    
  81.15966318    
  386.0208285    
 0.7942566154E-03
  1.008747946    
-0.1039004631    
 0.8415142137E-01
 0.9791085633E-01
 0.3975123479E-01
 0.6242141261E-01
   Q=    0.0780
