  13.25539804    
  255.3217538    
 -79.89706790    
  195.0019560    
 -347.6926018    
 0.3973046034    
  174.5316027    
 -23.35668432    
  428.5107065    
 -400.5955764    
  10.91783806    
  231.1235658    
 -64.87034621    
  451.0944052    
 -407.5943909    
-0.1622864939    
  20.66583971    
 -4.106874805    
 -244.9537855    
  10.82528900    
  6.969519442    
  99.14809699    
 -35.75424066    
 -77.11980961    
 -114.8389102    
  2.838045646    
 -112.1078206    
-0.4433978304    
  107.4992199    
  399.4372386    
  16.10195878    
  158.4046678    
 -74.12900346    
 -34.55378744    
 -207.0295882    
  22.75349480    
 -233.5493121    
 -63.84998082    
  4.779104523    
  20.77461950    
  49.20154366    
  139.3056306    
 -324.4424523    
 0.1490629538    
  21.35258296    
 -58.42712912    
 -158.3722924    
 -82.73035450    
-0.3341216639    
 -23.70307931    
 -186.0731254    
  109.0391770    
  287.9703869    
 0.1046095319    
  11.61799927    
 -42.12650667    
 -48.03543730    
 -237.4279218    
-0.1993909017E-01
 -3.642779050    
  85.34232763    
  14.24194314    
  104.4439846    
 0.2660826013E-02
 0.7942294559    
  4.770045828    
 -2.758556969    
 -23.90987296    
-0.2520465807E-03
-0.1196121512    
 -44.13661853    
 0.2496181491    
-0.4164982984    
 0.1511020603E-04
 0.1041401758E-01
-0.1192315041    
 0.8089158143E-01
 0.1021836245    
 0.3905866076E-01
 0.6230692710E-01
   Q=    0.0610
