 -5136.588722    
 -6081.507807    
  2292.216881    
  3027.583367    
  6564.259567    
 -1997.420290    
 -2743.151204    
  877.7907228    
  1947.113999    
  2677.928202    
 -10007.05585    
 -5514.527538    
  4604.570151    
 -9600.955999    
  10947.64273    
 -8747.372834    
 -11529.16432    
  3693.563050    
 -2748.191098    
  12386.74458    
 -8414.767446    
  6126.592751    
  3905.992467    
 -1467.047432    
  6543.940311    
 -10640.24637    
  16493.52999    
  3862.497263    
  1799.628259    
  13395.55402    
  4240.195650    
  2702.443821    
 -3987.414537    
  1.624110277    
  9914.456544    
  19348.45673    
 -5958.487456    
 -9601.275559    
 -131.6127411    
 -9609.436587    
 -4575.685143    
  4108.754138    
  2043.595141    
  47.42614261    
  14432.92531    
  393.0228264    
 -1360.491410    
  2942.266368    
 -8.536220496    
 -7123.058559    
  198.4659745    
  233.7573440    
  4432.873351    
 0.8749265306    
  1402.573732    
  2707.198962    
  2.757352311    
 -160.9129747    
-0.2607188969E-01
  460.3149218    
 -2728.549928    
 -13.90858727    
 -2543.615026    
-0.7795262408E-02
 -443.0286005    
  1300.326149    
  4.476886108    
  1638.592950    
 0.1660674813E-02
  171.2708980    
 -372.0598768    
-0.8797493459    
 -474.5423293    
-0.1926290493E-03
 -42.63059660    
-0.9711151673E-01
 0.6011736295E-01
 0.1038710134    
 0.3376088362E-01
 0.7983628439E-01
   Q=    0.1079
