           0.    
           0.    
           0.    
           0.    
           0.    
  1114.404110    
  23849.81449    
 -6592.016308    
  59570.34212    
 -51352.25184    
 -27.97272393    
  6030.981398    
 -655.5342866    
  45719.50403    
 -22122.59993    
  414.3043798    
  13991.43345    
 -3319.505243    
 -34567.43688    
 -22798.44697    
 -1076.820762    
  1814.098929    
  3586.445885    
 -3576.021184    
 -35194.84425    
 -1802.697685    
 -31997.32604    
  10209.73294    
  5425.508492    
  42578.81157    
 -1197.493975    
 -13147.07361    
  6182.394052    
 -1965.284079    
 -29048.45815    
 -658.0380304    
 -1191.075734    
  2779.224069    
  305.0984266    
  7094.265251    
 -188.7611992    
  16979.57837    
  790.3716351    
 -8.658435152    
  529.2306055    
  1225.873734    
 -12152.63985    
  2700.287649    
 -5.543880407    
 -822.1238026    
  5422.143355    
  4173.488719    
 -9302.055657    
  1.257346292    
  260.1128832    
  2856.449668    
 -556.1596653    
  11604.79852    
-0.1455880270    
 -44.00512662    
 -348.4839046    
 -141.8479933    
 -7168.882408    
 0.9621479085E-02
  3.250042257    
 -5408.375465    
  97.22597454    
  2643.700103    
-0.1261227320E-03
 0.4039691189    
  6170.977473    
 -28.19126115    
 -567.1831438    
-0.5445297726E-04
-0.1741798789    
-0.1173227513    
 0.7812928016E-01
 0.1007329280    
 0.3300023726E-01
 0.5562665838E-01
   Q=    0.0948
